1
47 50 20
3 4 597042499
4 5 71028015
5 6 367201977
6 7 727683025
7 8 32834978
8 9 255610172
9 10 824867395
10 11 200592742
11 12 268515247
12 13 299301855
13 14 495153501
14 15 42974977
15 3 934885149
17 18 527169896
18 19 531838835
19 20 2399556
20 21 435083269
21 22 573204484
22 17 373460557
31 32 202910556
32 33 28920956
33 31 261093818
36 37 934494720
37 38 295437402
38 36 411647859
42 43 680091652
43 42 843206941
34 28 776476932
28 30 730842143
30 29 189632410
34 1 170927384
28 43 987550089
34 27 380064664
43 44 760133583
34 15 365225632
44 40 529916882
30 45 33593996
29 23 263402294
23 41 49194261
41 39 737091699
41 24 210317536
27 31 824458009
28 2 451862662
39 47 320403625
32 46 472181707
2 16 442850502
45 35 40978560
28 22 543534056
16 37 182634423
17 26 116676057
