5
60 35
2 1 1 3 3 1 1 3 1 3 1 1 1 3 3 2 3 3 1 2 1 2 2 2 2 2 2 3 2 2 1 1 2 2 2 1 3 1 3 2 2 1 1 3 2 2 1 3 3 3 2 2 1 1 3 1 3 3 2 1 
1 3 4 5 7 12 15 16 17 18 20 21 22 23 24 27 29 30 32 33 34 36 38 40 42 43 44 45 46 49 51 55 58 59 60 
60 35
2 3 2 1 1 1 3 2 1 1 3 2 2 2 3 1 3 3 2 1 1 2 3 2 2 1 1 1 2 2 3 3 2 2 1 3 3 2 1 2 1 2 2 2 2 2 3 2 3 3 1 3 3 1 1 2 1 2 3 2 
1 6 8 9 10 12 13 14 15 21 22 23 25 27 28 29 30 34 35 36 37 38 40 41 43 44 45 50 52 53 54 55 56 57 60 
60 35
2 3 1 3 2 1 2 1 1 2 3 3 3 2 3 3 3 1 1 2 2 2 1 3 1 1 2 1 3 1 3 1 3 3 3 2 2 3 3 2 3 2 2 3 1 3 2 2 1 3 2 1 1 3 1 3 2 2 2 1 
3 5 6 7 8 9 10 13 15 16 17 19 20 21 23 27 28 29 30 31 33 34 39 40 42 47 48 49 52 53 54 55 58 59 60 
60 35
3 1 2 3 3 3 3 1 3 3 2 3 2 1 2 3 1 2 1 3 2 2 1 3 2 1 3 1 1 1 1 1 3 3 2 2 2 3 1 3 2 3 2 2 1 1 2 2 1 3 1 2 2 2 1 2 1 2 2 3 
4 5 6 7 8 10 11 12 14 15 17 19 20 21 22 25 26 29 30 33 34 35 36 41 42 44 45 48 49 50 51 52 57 58 60 
60 35
1 1 1 2 2 3 3 2 1 1 2 1 3 1 3 2 3 3 2 1 3 3 2 3 1 2 3 1 1 2 2 1 2 2 1 3 1 3 2 2 1 2 1 1 3 1 1 1 1 1 2 3 1 2 2 3 2 1 1 1 
1 5 6 7 8 9 10 13 14 15 17 18 19 20 21 25 27 28 29 32 33 34 35 36 41 43 45 46 48 52 53 54 56 59 60 
