150 75
1 2
1 3
1 4
3 5
4 6
1 7
5 8
3 9
4 10
2 11
3 12
2 13
4 14
5 15
12 16
15 17
3 18
15 19
10 20
10 21
17 22
20 23
2 24
11 25
12 26
18 27
5 28
5 29
14 30
20 31
24 32
10 33
30 34
23 35
16 36
29 37
32 38
14 39
34 40
30 41
9 42
30 43
14 44
29 45
18 46
27 47
13 48
11 49
16 50
49 51
4 52
52 53
20 54
9 55
20 56
13 57
41 58
4 59
45 60
21 61
55 62
44 63
14 64
10 65
47 66
58 67
51 68
44 69
63 70
34 71
5 72
65 73
32 74
37 75
18 76
76 77
38 78
38 79
77 80
22 81
31 82
25 83
79 84
40 85
69 86
57 87
18 88
28 89
79 90
85 91
25 92
59 93
42 94
19 95
81 96
42 97
35 98
19 99
31 100
21 101
61 102
72 103
71 104
6 105
41 106
49 107
57 108
92 109
38 110
11 111
79 112
53 113
32 114
67 115
24 116
9 117
67 118
5 119
71 120
3 121
89 122
64 123
10 124
42 125
114 126
73 127
123 128
13 129
71 130
53 131
75 132
41 133
5 134
67 135
105 136
130 137
74 138
75 139
130 140
33 141
83 142
16 143
57 144
42 145
111 146
77 147
10 148
53 149
66 150
