1000
16 18 5 6
14 27 28 29
8 12 12 12
26 11 11 30
19 3 17 18
9 33 16 25
18 26 3 32
32 1 8 25
8 6 5 10
18 2 1 15
9 31 16 27
5 19 2 15
5 33 21 28
25 16 13 18
35 7 8 21
22 4 19 19
29 15 16 39
1 33 2 31
7 27 3 30
4 24 7 12
32 4 12 20
8 13 11 12
25 14 24 29
14 2 4 9
18 4 4 10
30 7 22 36
12 30 1 32
10 25 13 28
15 23 3 25
33 4 16 26
4 17 8 10
37 8 6 28
9 6 9 12
12 25 10 15
39 6 24 39
3 34 24 24
15 15 9 11
14 20 3 19
23 3 9 20
8 20 6 19
7 37 6 29
26 15 4 16
16 3 12 15
1 8 3 4
21 18 3 39
22 23 14 39
24 3 19 23
8 18 17 21
3 17 14 15
25 19 3 19
7 17 23 23
4 8 4 6
17 25 8 10
15 5 2 19
10 12 16 16
8 5 8 10
8 35 7 39
1 41 4 22
23 11 2 17
4 32 6 32
2 17 1 9
2 31 9 24
12 10 7 20
7 39 32 39
3 41 21 31
1 20 2 18
35 5 4 32
7 14 3 4
4 3 6 7
26 9 26 26
3 15 5 9
27 3 17 26
6 20 15 19
38 2 19 39
19 13 4 31
38 5 8 38
18 1 5 12
20 13 12 24
5 5 3 4
11 20 5 18
21 2 12 21
9 18 8 23
19 17 27 29
23 9 4 7
2 5 3 4
9 13 5 20
27 18 19 44
6 33 4 20
28 14 24 38
28 11 18 38
17 27 13 15
20 23 19 27
3 18 16 16
4 34 5 8
7 21 5 17
15 6 15 18
26 19 23 38
3 35 16 35
10 16 7 12
15 16 8 22
22 7 3 16
37 3 18 20
4 10 8 13
25 15 12 34
4 29 21 29
12 21 4 4
13 29 31 32
17 10 15 16
6 36 20 42
21 23 3 22
35 1 9 29
15 19 23 30
2 2 1 4
8 26 27 31
8 17 2 21
18 5 16 22
7 28 12 35
4 26 7 19
3 2 1 5
25 8 4 24
12 28 35 37
15 11 19 24
6 7 1 12
17 4 10 10
4 19 7 11
20 25 30 35
4 16 11 19
21 7 3 12
30 10 27 28
12 2 2 7
5 29 23 32
16 16 2 23
44 1 23 44
29 6 12 19
1 39 2 38
11 12 8 17
14 29 11 18
12 33 7 22
6 26 16 29
7 34 2 17
10 11 3 5
32 9 11 33
1 2 1 1
24 2 3 15
3 5 2 8
5 25 6 25
13 6 11 15
10 24 3 19
22 2 5 16
38 7 25 40
13 11 9 15
15 30 3 21
29 4 23 31
9 24 6 11
22 16 8 32
21 3 2 17
30 5 19 20
10 2 5 9
7 19 13 22
25 2 2 6
7 29 5 34
11 1 10 10
4 27 6 30
16 12 12 26
1 29 17 25
30 4 14 24
32 6 10 24
3 14 14 17
23 2 9 16
17 6 2 16
21 15 16 26
28 2 2 27
27 7 10 13
24 8 31 32
8 34 35 38
13 24 28 32
17 22 6 9
1 16 7 7
10 8 1 15
14 13 8 22
22 10 12 22
20 2 14 14
32 13 9 44
15 26 10 29
3 13 16 16
21 13 20 21
30 11 5 10
28 13 10 27
9 16 5 17
20 19 10 13
23 7 10 17
13 26 21 21
7 35 3 8
1 40 23 25
2 12 7 8
10 28 25 38
7 18 14 23
8 11 3 11
11 24 10 29
11 14 6 19
27 17 9 27
15 3 12 16
3 3 4 5
3 23 12 12
3 19 1 15
17 9 5 24
24 11 3 21
5 27 5 11
3 11 1 5
9 9 9 11
33 3 4 25
42 3 7 11
24 1 18 20
7 16 4 6
28 7 24 34
15 7 10 18
11 26 5 31
3 42 27 43
17 8 18 19
10 6 6 10
9 19 16 20
26 1 3 3
5 4 1 8
3 31 14 32
9 30 21 22
17 28 31 42
9 29 10 33
19 2 2 16
1 6 5 5
4 33 23 35
20 24 21 29
4 40 6 39
16 7 5 6
10 29 10 33
16 2 5 13
14 9 17 22
5 24 7 15
11 13 11 13
9 5 12 13
8 3 1 5
2 10 3 5
16 14 4 4
16 1 1 6
6 31 22 37
3 24 10 15
23 18 22 30
20 5 1 4
18 11 1 17
7 10 13 17
17 13 1 4
5 7 3 5
11 34 17 28
39 4 18 31
6 11 10 17
14 28 22 31
10 21 7 18
27 1 10 14
11 15 20 22
40 1 11 40
5 14 15 15
5 28 16 25
1 15 10 13
2 9 6 10
25 1 15 23
15 25 6 12
34 9 9 41
20 22 9 10
1 44 15 30
4 14 3 17
2 38 16 30
34 11 17 34
23 15 2 12
31 4 5 10
6 14 8 14
6 28 6 30
8 37 35 35
18 18 16 33
16 17 14 31
24 16 7 14
18 9 3 8
27 8 18 23
6 29 4 20
9 28 4 10
11 32 4 26
13 1 4 8
2 35 2 17
3 8 8 11
9 10 3 12
15 14 2 29
16 22 32 36
27 11 2 38
11 11 18 22
17 1 2 18
12 8 5 9
12 29 15 18
26 4 14 18
27 16 5 33
15 9 1 8
9 17 2 20
26 12 32 35
5 34 1 24
25 3 11 22
22 21 13 43
23 20 31 40
1 21 8 12
13 9 3 7
15 17 9 13
13 8 1 17
15 28 18 26
2 42 27 41
23 8 1 25
33 6 16 22
10 18 20 21
12 27 22 22
11 25 4 4
4 36 20 40
15 1 3 16
7 12 6 7
4 11 10 13
11 21 18 28
6 39 12 36
21 1 5 11
25 12 2 23
10 5 8 13
9 12 1 15
14 30 34 41
37 2 38 38
2 28 9 27
8 32 31 39
2 30 12 14
31 14 13 43
11 19 5 24
25 18 14 37
21 11 13 23
13 5 3 11
26 2 13 26
16 9 2 20
1 42 6 36
13 32 23 36
1 31 13 32
3 6 6 7
37 1 22 34
30 6 11 25
1 28 10 22
15 18 2 15
29 1 26 28
13 22 1 2
12 5 10 12
9 27 24 35
6 1 4 6
18 21 18 20
40 3 33 33
2 33 4 7
16 19 6 12
1 3 2 4
8 14 6 9
3 21 7 24
39 1 31 31
26 6 9 19
14 23 2 13
5 16 10 14
23 14 13 20
3 38 11 40
29 14 9 40
26 14 9 21
7 24 14 26
9 14 18 18
17 21 14 23
39 2 22 28
15 12 11 22
30 13 27 29
36 4 2 15
17 12 6 25
30 1 17 26
6 21 5 19
27 12 18 30
20 11 2 5
18 20 10 32
18 3 3 3
13 3 9 9
24 5 20 28
2 26 17 21
19 12 25 25
14 4 3 17
13 23 29 31
16 10 5 21
28 15 3 22
25 5 21 23
11 28 8 10
2 25 6 8
28 5 3 27
5 20 17 18
41 1 1 11
17 17 7 28
4 31 22 26
5 30 19 25
12 20 16 31
11 17 6 15
16 27 2 14
4 30 8 25
1 9 7 9
24 14 2 21
16 11 16 27
6 32 8 9
7 31 10 13
18 24 19 19
3 30 15 29
16 25 32 41
14 17 17 24
31 6 26 37
3 10 2 7
13 4 12 17
14 10 7 17
20 15 1 33
38 1 18 28
43 1 20 41
20 3 7 10
32 8 4 6
4 18 20 21
9 11 6 6
38 4 7 7
14 5 6 7
7 38 23 25
22 8 30 30
3 43 6 15
2 27 19 24
31 7 21 26
34 2 1 2
24 18 34 39
10 23 18 21
29 12 5 41
10 13 12 16
17 19 1 19
6 4 5 6
9 3 6 8
10 17 11 15
5 26 14 20
34 7 5 14
33 8 29 40
5 36 12 27
35 10 8 27
20 4 4 24
4 25 24 29
26 16 3 27
5 13 13 17
10 27 35 36
2 44 13 29
8 30 2 19
6 37 13 34
17 18 10 10
16 15 11 25
3 20 7 17
5 18 15 18
13 28 9 23
22 15 12 24
2 24 3 7
28 12 3 3
10 20 18 22
1 7 3 8
13 12 2 10
11 16 7 21
3 32 7 15
23 21 3 19
34 6 7 33
6 17 4 21
19 8 8 27
25 6 25 27
13 18 4 20
23 1 13 22
34 5 7 16
12 3 3 8
20 12 16 29
3 28 28 30
24 17 6 41
19 16 14 25
24 12 3 23
10 33 10 20
29 13 26 40
6 3 5 5
37 5 28 35
15 8 14 23
13 10 7 10
10 32 11 35
31 3 25 31
17 2 6 12
7 26 3 16
31 13 34 36
5 31 7 10
8 29 21 31
26 13 10 18
1 12 1 7
29 9 12 17
1 36 1 30
1 24 14 19
19 18 25 28
13 30 4 22
4 4 1 8
18 16 9 33
1 1 1 1
19 15 12 13
11 8 19 19
18 23 5 25
16 24 1 4
1 23 10 23
19 5 2 21
43 2 15 45
36 9 24 43
12 11 12 17
4 1 2 3
6 12 8 11
34 10 32 43
4 12 2 2
9 32 8 29
10 9 4 13
5 35 4 13
14 21 13 16
3 7 8 8
8 27 5 14
9 4 8 8
18 13 17 27
12 22 21 33
30 9 4 20
35 2 21 29
19 1 15 15
24 7 9 13
15 13 25 27
23 12 5 11
30 14 16 40
17 24 22 27
35 9 20 24
19 24 6 27
22 12 3 22
23 19 22 31
31 9 11 11
34 8 4 9
2 3 1 5
14 31 14 44
23 10 14 18
22 22 33 37
14 11 9 10
27 4 14 29
29 8 15 30
10 26 10 30
29 5 15 15
6 13 5 10
33 2 2 24
37 6 13 41
3 9 5 8
40 2 23 28
1 38 19 35
6 19 11 25
12 19 23 25
5 2 2 5
21 5 8 18
3 36 10 16
2 4 3 4
9 8 5 5
4 28 3 27
15 10 6 14
17 26 3 7
12 16 1 12
22 9 1 29
21 16 19 37
5 11 2 11
11 7 3 10
26 8 5 26
29 7 9 22
11 6 8 14
18 10 15 19
30 15 16 27
12 1 3 12
8 19 13 14
21 22 7 33
27 10 7 19
29 10 17 27
1 30 18 24
7 36 3 38
19 9 3 4
19 19 21 22
2 11 4 6
8 36 6 44
18 15 11 23
6 27 8 12
1 22 5 10
21 19 3 10
3 26 8 15
4 7 7 8
21 8 1 15
19 25 9 9
19 6 10 25
8 21 1 11
21 9 9 22
5 40 21 45
4 21 19 22
10 3 11 13
14 3 8 9
13 7 15 20
28 6 3 25
3 40 3 6
13 31 29 34
4 41 2 23
8 2 2 7
14 8 7 12
33 7 34 34
1 32 1 13
14 15 16 20
11 23 4 14
27 9 23 35
2 18 15 16
41 2 4 33
21 4 9 20
2 32 14 21
33 5 13 37
7 2 3 4
31 2 1 27
26 5 2 12
15 20 24 35
32 7 30 33
31 5 8 36
1 14 5 7
2 40 20 41
12 14 13 13
20 21 27 29
16 23 25 33
1 11 3 4
21 20 8 27
12 23 8 20
26 10 12 26
42 2 12 27
20 7 1 11
10 30 25 25
12 6 2 16
1 13 2 3
14 19 30 31
14 7 10 19
12 17 2 24
18 17 5 30
6 16 1 15
28 1 4 8
41 3 8 17
29 3 5 9
1 43 18 41
5 21 12 14
2 39 6 38
10 36 31 42
31 11 3 38
11 2 10 13
5 37 1 21
10 10 8 19
37 4 3 34
3 37 7 12
1 4 3 4
7 3 2 6
2 29 5 24
6 38 18 33
22 6 13 23
20 16 3 7
24 9 15 17
2 13 5 11
5 23 13 28
24 13 12 26
26 3 1 28
22 3 7 24
15 22 21 37
25 17 26 32
12 24 25 35
6 23 15 20
14 26 14 31
4 20 3 21
9 22 26 29
19 22 7 28
1 45 32 39
18 22 17 18
11 30 5 5
37 7 9 13
8 1 4 4
9 23 21 26
33 1 13 19
20 6 14 23
24 20 8 34
6 40 21 39
2 36 1 28
14 14 2 27
8 25 18 25
1 35 7 35
6 6 1 9
16 4 2 3
6 15 1 12
12 9 2 18
12 26 24 35
29 11 7 21
4 42 23 46
16 6 13 22
32 2 6 14
2 15 10 11
3 12 3 5
19 7 3 7
8 7 6 15
22 18 21 27
27 6 14 21
12 32 12 24
2 23 7 19
22 17 7 9
38 6 15 17
22 14 15 24
13 13 9 9
5 41 2 32
28 10 4 7
21 24 10 21
8 16 11 18
7 7 2 9
10 15 13 13
18 12 14 18
4 5 5 8
39 5 5 8
10 19 23 24
28 16 1 42
5 9 1 6
23 22 12 20
21 14 21 31
15 29 21 29
4 9 1 2
33 12 25 37
7 6 11 13
11 33 10 35
23 5 6 23
23 16 6 38
1 26 7 15
31 8 21 32
21 12 17 18
6 10 5 6
23 6 1 4
20 17 8 36
35 4 6 21
11 10 4 8
12 31 6 21
36 5 9 15
13 25 2 3
12 13 14 25
8 9 4 7
20 18 26 26
19 23 30 41
8 28 25 36
7 4 3 4
35 8 33 34
25 9 1 16
27 5 1 24
27 15 27 39
25 13 11 31
8 23 19 31
17 16 11 26
6 24 13 17
25 4 17 19
36 1 2 29
16 5 12 18
25 11 4 18
5 38 21 24
24 4 3 3
3 29 3 5
13 16 11 13
8 10 9 18
9 21 28 29
32 3 28 32
4 13 2 7
33 9 18 42
1 10 3 11
35 3 5 34
5 15 5 17
30 3 27 31
9 15 6 21
24 15 12 21
2 8 3 9
9 20 4 25
34 4 31 37
10 22 3 24
4 37 3 26
36 2 15 18
2 19 20 21
8 8 4 6
22 5 2 26
19 11 1 13
7 11 11 18
19 21 33 33
3 33 3 16
7 5 3 8
17 14 3 21
25 10 25 28
19 14 23 23
6 34 2 23
14 16 15 15
5 1 3 4
1 25 10 23
7 22 5 14
2 43 4 36
8 4 4 11
16 8 19 22
2 1 1 1
14 6 2 18
22 11 23 28
20 9 4 26
33 11 4 43
8 24 6 17
7 30 21 32
33 10 5 32
19 10 6 25
16 20 2 33
12 4 14 15
6 9 9 14
9 26 2 34
15 2 11 15
17 7 9 24
20 14 16 17
23 4 5 8
36 6 41 41
30 12 2 34
3 25 14 16
20 1 4 18
7 33 8 35
6 35 6 19
12 18 5 24
9 36 1 7
13 15 16 17
18 19 5 11
4 15 6 11
24 10 6 32
42 1 3 24
1 17 2 4
3 16 9 17
15 21 1 8
23 13 8 11
7 8 10 10
4 23 20 26
32 5 5 6
19 4 2 18
18 14 6 10
7 23 6 11
13 19 13 27
18 27 8 22
7 20 15 17
16 21 3 18
21 17 6 27
14 1 3 10
4 39 30 35
9 2 3 10
1 19 6 10
20 8 15 18
24 19 4 34
23 17 8 18
15 4 13 17
1 18 7 15
13 14 3 26
9 25 18 19
4 6 4 4
10 1 2 2
17 15 7 32
13 17 14 24
32 11 19 21
13 21 14 32
10 34 18 44
3 39 16 31
28 17 15 44
3 1 1 3
10 7 14 15
18 8 12 25
11 3 2 13
26 7 14 16
12 12 10 15
9 35 26 40
25 7 14 25
36 7 18 37
31 1 17 24
19 26 16 31
38 3 22 30
5 12 8 9
8 38 4 28
6 22 14 24
11 27 9 18
6 18 22 22
7 15 10 11
31 12 33 38
15 24 5 36
8 33 11 39
2 20 10 20
10 31 2 9
3 4 4 6
1 27 5 20
13 2 5 6
5 3 4 5
2 34 27 28
21 6 1 13
39 3 9 16
28 9 1 31
16 13 15 27
11 9 8 8
9 7 12 13
2 16 2 9
41 4 12 16
10 14 7 20
4 35 8 27
12 7 6 17
14 18 4 27
9 34 23 39
17 3 6 6
7 1 2 8
1 37 5 7
6 25 7 18
32 10 20 36
27 13 34 40
10 35 8 42
2 41 24 39
18 7 12 23
31 10 7 26
5 17 13 17
3 27 22 24
11 22 9 24
7 9 5 13
6 8 1 14
34 1 6 32
22 19 20 40
4 22 2 26
4 38 5 39
5 8 7 8
18 6 9 15
16 28 16 42
17 5 17 18
11 18 19 24
29 16 5 45
27 14 4 25
11 5 5 5
17 23 1 2
22 1 7 14
13 27 17 26
20 20 18 26
21 21 31 42
40 4 26 38
26 17 5 37
19 20 2 5
6 2 6 8
28 3 14 29
12 15 2 7
36 8 9 28
8 22 20 23
2 37 1 2
3 22 19 21
22 20 8 28
9 1 1 5
35 6 11 36
10 4 4 11
6 5 3 9
21 10 19 31
27 2 1 21
8 31 4 17
22 13 9 17
34 3 11 34
25 20 14 42
5 39 1 35
2 7 3 8
18 25 2 9
40 5 19 30
11 29 2 21
30 2 8 27
14 12 6 26
16 29 5 9
11 4 6 6
14 22 30 30
5 10 1 13
14 25 13 15
1 34 10 12
7 25 10 21
5 32 22 27
8 15 1 14
20 10 9 28
26 18 8 35
2 22 11 14
4 2 3 3
2 14 15 15
24 21 32 38
5 22 7 24
30 8 3 16
13 20 9 30
32 12 8 17
16 26 6 34
14 24 13 16
6 30 8 27
2 21 12 20
11 31 2 42
1 5 4 4
9 37 15 41
7 32 6 29
28 4 1 23
15 27 23 26
28 8 5 33
29 2 14 22
36 3 3 18
5 6 6 7
17 11 15 17
17 20 30 32
7 13 6 16
24 6 13 14
2 6 6 8