404087539
19149569
19149569
19149569
505422582
378140913
581818863
581818863
460093791
489515582
609228593
434897783
142933781
142933781
164074428
534816801
137691628
137691628
758769943
356906549
356906549
14687660
14687660
134216463
134216463
606036633
613998053
613998053
965151320
965151320
965151320
521885873
521885873
18539747
18539747
664689114
497292794
497292794
37261785
842310881
240392391
569967224
24278939
24278939
24278939
24278939
203261146
260414004
260414004
679437335
827182071
586913327
444103193
573709754
573709754
186679792
476859353
712353357
561729492
561729492
561729492
666219976
22751744
22751744
22751744
111110834
111110834
623440030
623440030
819274623
819274623
819274623
819274623
819274623
356253315
356253315
356253315
356253315
976445496
976445496
50606154
50606154
50606154
719293127
590880251
602047417
602047417
602047417
602047417
602047417
602047417
698656412
811115209
411658251
376328900
376328900
508107384
67463820
862103261
201605328
935370060
935370060
385958311
385958311
679324552
345836767
805165850
119663010
119663010
636926808
381054948
732828597
732828597
46095553
131045623
131045623
119202490
819434485
819434485
819434485
819434485
887858786
887858786
804760915
113327782
113327782
378877745
378877745
636313319
152095779
152095779
602664132
602664132
314305531
314305531
286963559
286963559
820138024
820138024
911918307
146639792
65171780
672799836
672799836
518723539
879838114
879838114
879838114
879838114
555559406
555559406
555559406
555559406
918943288
918943288
902761589
33656384
33656384
99601211
99601211
99601211
99601211
853577044
605666604
605666604
749011909
273365611
273365611
273365611
974287359
974287359
974287359
974287359
57535364
63687997
63687997
63687997
63687997
700689152
700689152
710323843
614015506
614015506
614015506
301760472
815867216
409376771
913873170
515854970
201951011
607690838
45980716
45980716
45980716
507544200
507544200
507544200
507544200
382945279
327177207
921848376
921848376
571445727
594610608
677850888
677850888
524495583
867532848
247476183
247476183
247476183
563602370
563602370
563602370
563602370
563602370
563602370
372068211
704117238
171177286
171177286
916416735
916416735
12413073
12413073
12413073
12413073
12413073
978589406
735889880
735889880
208696013
208696013
288435169
288435169
288435169
288435169
637274104
637274104
83118854
83118854
226144435
226144435
226144435
961558092
662967151
508491199
508491199
508491199
571673347
774866431
52188934
955718290
955718290
955718290
136874865
61455209
678330474
678330474
678330474
678330474
678330474
678330474
678330474
678330474
156390933
939143829
765323844
765323844
949037379
949037379
897083262
716507715
716507715
479517755
930793314
930793314
930793314
589245112
914741851
914741851
580656417
580656417
900659037
53912510
151894118
151894118
507759647
507759647
507759647
815326765
374695374
441279649
787406210
787406210
820975466
820975466
820975466
820975466
95934945
460531578
460531578
460531578
685603754
254798155
254798155
486829167
371786619
324570723
324570723
324570723
657406887
657406887
657406887
657406887
657406887
37904459
37904459
37904459
442862429
442862429
442862429
564224365
234494950
611699120
611699120
611699120
611699120
611699120
106069901
106069901
106069901
106069901
106069901
614818042
445194214
445194214
445194214
560858757
85070050
85070050
698204398
698204398
698204398
698204398
571956552
305113907
584901266
22735904
975635626
591135443
477015548
477015548
873900928
927269457
927269457
768228932
577956216
577956216
577956216
577956216
577956216
90823028
90823028
578713727
578713727
213760851
213760851
213760851
560379171
560379171
560379171
549199832
549199832
579292310
579292310
325124960
211368201
211368201
669307218
129045294
129045294
717716799
29303591
858490526
689820590
831756763
841810175
841810175
895123119
895123119
967755750
350333141
350333141
782024874
983692376
562140879
952793695
952793695
952793695
774273621
774273621
869979029
869979029
869979029
993832612
993832612
43869217
353232949
311019413
311019413
25263629
25263629
753614173
753614173
285873710
285873710
229287262
853336810
340011923
600191110
994412808
994412808
994412808
714606383
247081367
247081367
247081367
247081367
247081367
39243779
908453261
757645188
757645188
89222354
89222354
662278570
662278570
662278570
677942551
677942551
139470348
888370783
888370783
888370783
888370783
888370783
888370783
888370783
713947869
713947869
713947869
713947869
441586759
177739693
177739693
177739693
936558024
936558024
936558024
899407713
899407713
882777667
882777667
882777667
885780139
170640061
170640061
170640061
381024881
381024881
847307520
847307520
362222912
681184816
681184816
717805236
717805236
205679314
378170098
77002299
7771795
831464611
831464611
831464611
831464611
179727408
564689724
564689724
564689724
322476677
322476677
322476677
322476677
322476677
236536196
236536196
968824038
515272279
665706656
245736326
603245500
763498776
763498776
763498776
643434802
184018895
184018895
184018895
259155346
253556950
253556950
253556950
562526307
370870418
871342695
814196730
664144555
569867345
67867873
602211677
602211677
68354352
68354352
284123734
284123734
284123734
559383039
692982483
692982483
692982483
692982483
692982483
692982483
560090245
560090245
215852402
215852402
536082642
678289847
678289847
693880790
693880790
692244038
518651673
518651673
560416862
134674488
481287528
481287528
926022972
926022972
926022972
436926415
398822212
875785538
348887049
470347982
470347982
470347982
470347982
783939110
783939110
783939110
783939110
373659056
373659056
777030579
335290714
218316036
511614519
511614519
511614519
511614519
343326785
953754039
601641600
671160589
251737603
251737603
251737603
251737603
740330228
257768506
257768506
516218837
738337233
738337233
169041000
508153140
962757788
508608380
508608380
508608380
508608380
648834763
143987401
756390197
756390197
140474104
140474104
140474104
140474104
689701645
689701645
943180855
943180855
943180855
943180855
943180855
697534442
697534442
697534442
697534442
768031669
768031669
621996723
621996723
876127554
106314092
241187152
320076693
320076693
320076693
320076693
754419935
754419935
754419935
182724159
182724159
182724159
182724159
182724159
23073812
23073812
369851994
635895329
635895329
635895329
635895329
613081411
613081411
587529160
587529160
587529160
587529160
587529160
587529160
587529160
587529160
587529160
172474366
172474366
172474366
172474366
273969271
65872824
65872824
17722102
153561227
90446837
90446837
90446837
612386378
402321282
402321282
402321282
402321282
427578155
427578155
427578155
122195133
122195133
122195133
100039729
100039729
100039729
100039729
100039729
100039729
598845628
598845628
598845628
266919944
266919944
266919944
954797981
46309677
302372638
302372638
555912713
528508263
127254691
511558493
683003281
683003281
683003281
68213115
945531706
731897728
727725917
727725917
727725917
727725917
727725917
727725917
484183669
192490699
501658050
501658050
501658050
396988638
487851548
167456166
167456166
167456166
167456166
167456166
167456166
167456166
167456166
167456166
167456166
167456166
167456166
807803863
807803863
807803863
852625496
58496880
874596692
874596692
702019084
374345142
374345142
880798017
880798017
880798017
880798017
215561863
215561863
215561863
215561863
215561863
871524849
871524849
801519381
801519381
700208684
156956461
705641938
618144636
618144636
618144636
618144636
759010467
46792930
894677557
830240859
279451217
279451217
855158942
855158942
927133059
927133059
927133059
927133059
28943240
28943240
806066501
806066501
806066501
355399151
355399151
917971061
219332406
219332406
219332406
219332406
219332406
219332406
219332406
219332406
557601824
557601824
323030473
323030473
323030473
564173178
564173178
595730373
746416716
746416716
746416716
746416716
746416716
746416716
746416716
746416716
746416716
661953125
661953125
525757757
525757757
525757757
525757757
525757757
471638610
471638610
447865520
117680865
117680865
393814131
393814131
393814131
393814131
393814131
393814131
393814131
218967216
218967216
429642134
429642134
626528003
626528003
626528003
8391295
395198917
934550361
839854430
205468265
205468265
47904630
836551300
836551300
836551300
90783573
90783573
607480961
607480961
607480961
749380615
749380615
749380615
464135656
464135656
464135656
332400584
332400584
477684912
477684912
123240688
747198132
338271625
953362449
953362449
953362449
953362449
953362449
91819009
91819009
676681839
905100557
709377134
709377134
563244804
49888678
49888678
264679822
264679822
954674197
453870023
453870023
254257994
254257994
254257994
254257994
254257994
650392756
146978872
858833273
858833273
199688887
360058613
348201694
348201694
348201694
769396948
769396948
769396948
769396948
769396948
769396948
889306340
640405489
640405489
504793984
504793984
504793984
504793984
504793984
504793984
504793984
504793984
29787134
731268399
731268399
731268399
731268399
731268399
505106815
949539988
949539988
949539988
640619323
32141652
32141652
723329712
723329712
801161084
217017633
877115911
877115911
709860387
246199631
246199631
549127525
981163328
981163328
981163328
242851476
242851476
649969196
649969196
901915931
901915931
306113555
153606252
153606252
153606252
524459795
524459795
176868517
176868517
176868517
14179179
241379866
148289448
594077781
594077781
594077781
260994931
260994931
44445305
92516096
92516096
92516096
713587518
713587518
375477962
375477962
375477962
596654639
59388294
59388294
104586849
832814050
933594856
654957770
340788059
340788059
340788059
340788059
340788059
340788059
36610895
125369640
37736822
986888734
986888734
85727682
85727682
405507962
261565008
5668802
377684791
377684791
377684791
377684791
377684791
377684791
377684791
603273072
30001409
775068823
775068823
524093433
524093433
483688684
709104930
709104930
