98018 1000 998244353
1617238229
87890 25124
39316 41198
43199 23501
17837 92728
14030 96768
2924 97198
49994 13562
47860 36684
97306 56379
38745 36943
71044 42048
62038 68375
56247 35486
9039 6978
97814 27342
96078 29078
36154 18267
16965 62376
87676 89881
90294 38259
78673 50457
29151 73325
31442 67150
49695 91687
26631 85696
35998 18884
53948 27962
61512 23170
11139 73173
8542 21006
93140 39649
24614 35028
47440 59801
28974 18842
85784 11600
66808 78075
89032 28189
84627 85231
60692 3787
83453 70833
30390 85091
31139 89485
38543 30586
60186 92445
2611 27153
64263 39498
90897 45236
7055 81388
76312 80603
45500 47387
46216 69687
15946 28027
81500 82000
78094 85456
23731 94037
78298 68660
79353 31038
50100 81736
18947 72416
5639 22740
82847 5184
94599 23842
7429 74249
23755 58287
38927 18218
21384 51551
57371 83022
21309 65109
70936 31240
14814 9774
97796 40520
33251 3991
71999 87296
60188 51923
52379 80136
29655 86224
15730 50380
29031 59796
29119 55655
6728 13835
6812 17832
43667 17856
51220 97617
78341 85052
87606 89681
66455 9058
96360 91391
4457 82772
1682 48034
66004 95685
9826 75813
37864 17551
17517 93291
81746 25033
46938 12382
13902 15504
12300 42698
77602 91974
47289 21003
59607 81708
88443 44542
44743 95252
87684 36246
66495 14899
14147 85284
74690 21930
11018 19503
77086 17131
81771 42152
17412 53359
76411 10102
52042 47230
3555 28810
27529 49646
17904 41782
520 81900
45209 77163
8557 57868
96689 2605
65634 75565
53122 37458
36919 53647
46299 92270
2182 84936
73491 1792
5118 50083
39087 3423
83189 25700
60522 33122
66078 69126
66514 47780
85829 26616
70282 84620
46819 54754
96716 34932
77153 52598
30476 49184
73750 67919
80119 29901
37307 26021
36124 21165
64607 63449
65241 89298
11046 56749
84428 36905
44954 5592
77006 16519
14970 72539
95 80910
24243 59086
14439 76701
80012 53884
62570 5659
50657 29878
70913 81518
15419 34230
68979 81390
31875 9878
77934 78498
51414 70430
7031 92910
66734 37615
67443 86276
46452 83699
71490 95003
71442 97839
22108 28033
46751 30830
16687 50206
13370 87819
41457 95598
38983 17880
55219 66894
76773 70318
82227 24844
33224 60501
14510 36301
79793 68610
50833 92631
90183 46652
26294 43206
43995 31037
75319 36186
96686 46365
61638 94476
42031 62229
76305 92246
68813 46703
62569 12465
72257 50947
37002 73867
33361 30065
24180 11953
48453 3451
28932 59833
43214 5922
91719 8311
96789 31355
34880 37376
77641 9068
61315 23941
94664 55210
87546 89946
8804 53055
56739 33638
27241 94841
71132 92581
11956 26963
72078 65356
19360 34518
2260 63235
87213 81041
50926 50140
56450 10536
84024 41763
30439 9184
23010 93015
21905 48652
39006 91765
15980 90829
80973 96714
80372 3107
16977 34239
59874 72671
45433 65631
44800 35365
59212 73945
71208 87536
11898 35362
20206 66280
6054 7024
88330 52110
57388 37208
40986 3922
91998 49989
96802 82976
56892 2910
36246 68682
66970 39447
54119 4649
66995 65234
77511 85603
60907 82735
83841 61523
86846 31811
72487 53974
45121 32235
13934 66626
83685 93816
61123 87258
95354 80766
89443 51552
46436 77097
17475 73367
37741 96463
79996 69338
93705 62889
78984 51912
556 43057
64501 70221
77911 11608
71342 7775
13616 62369
55882 92826
16570 7816
84393 23154
73630 87424
77063 32947
69564 84660
87376 65296
78342 3701
66504 62718
4602 28199
22947 60189
64602 81493
20045 60821
35534 11245
61756 94298
32032 92424
19488 92814
78329 65238
94326 61199
11487 95977
9389 13062
27856 18351
97741 1710
3027 35501
73291 30211
73633 86879
57944 64083
78115 95196
90934 69427
73444 30315
78955 42065
51048 65152
91742 6620
41800 94203
59830 76133
58437 4793
56781 46334
20646 74921
6435 73558
25295 61574
52760 42256
63965 33424
89652 39744
92023 33305
17098 26944
35639 1135
73790 29646
4119 18435
42682 13203
40450 69662
6755 24952
765 91211
92090 57382
9186 47320
22145 27345
54492 79900
10479 20913
3996 31239
41292 39707
32823 55027
16801 93684
59054 60462
84548 79744
78621 74421
83083 45872
67772 10917
14885 13599
7905 94004
10557 25867
41138 97182
62079 55061
35666 47697
40206 95019
84282 52820
52135 53259
76121 12296
97027 54503
85090 46517
97092 3792
10441 39749
82000 42820
4894 70545
55662 38707
54369 93828
13736 56595
4103 79258
80621 48283
92329 58916
65150 75589
24094 74780
44043 40652
37366 46959
8610 63354
78005 22090
35436 32749
72586 43542
3270 38928
85498 78682
93933 47859
23605 4661
6168 33446
12294 7708
63684 12428
46640 43293
21669 76350
60041 57225
49842 76984
91180 87773
29180 40422
96031 72305
53625 90226
72306 51391
9461 66821
85572 39398
6606 74513
23850 31994
62679 36310
13937 67937
76739 87051
55459 32667
16880 41247
70879 81373
43170 3126
84469 94043
30603 25688
67029 84834
89222 45435
86448 90558
97439 41874
67497 24427
93716 97858
76289 21296
29292 84602
54353 93146
94269 78326
82100 43963
46975 3270
93418 77621
27859 7394
10013 13916
58568 85638
19777 41012
31295 7527
87862 13099
17274 20755
41924 53925
54061 2667
3365 11769
70153 34725
23916 64677
73155 48717
72912 84825
39306 44023
68421 59158
19862 26729
16962 96518
55530 63738
89151 95994
2243 30652
35584 88150
46278 67966
32487 30894
25286 68355
50827 29641
32315 76141
95886 59528
95986 43426
64589 13706
28150 97296
67358 14710
9552 6103
11912 92047
46014 30533
31516 70290
49505 14324
87597 8536
63061 77169
73667 28230
65701 94637
73594 91512
53183 91387
51315 97746
75430 4268
467 68357
8937 11768
77231 66990
53755 45821
43243 4197
61821 89772
21937 55714
1435 97302
1842 3709
41794 77224
23392 26996
61317 52554
37356 69081
79503 46766
36757 95027
84873 15020
66949 95246
80503 5897
33378 37826
63760 85882
22472 66162
30626 6253
5827 56841
25884 84880
90356 41706
11754 30953
58660 77761
3475 10536
67706 30054
31540 75152
17105 48951
79989 77975
81027 89202
38660 96494
83083 47335
95368 46903
80703 12298
41200 68575
3953 89037
55327 10119
32349 68481
75020 44328
18592 97357
4157 22529
85367 57279
4142 50295
7588 70141
29008 16087
31697 71240
38897 90791
91006 88697
74928 28067
94280 625
62084 14436
89905 34381
30163 42777
11429 93301
62165 54956
37830 13554
24332 40598
40442 88716
35079 82324
7170 36027
59871 3701
52589 45984
22430 79543
18388 82460
5587 68752
62885 20988
84328 55525
74280 94027
64128 6915
95328 3838
34258 85811
14477 82053
65215 74932
42383 85537
73311 28570
73321 49235
90472 43547
48630 54783
71747 49373
83835 48405
25620 73828
21858 91500
55967 40167
61211 5968
37610 50861
26929 37980
31976 91202
79856 17646
4015 85508
12489 3961
89728 53181
65436 64595
33269 58027
15339 28873
78282 95073
53915 73403
8919 77376
57812 23578
91622 6657
20000 12107
83816 80379
37281 40709
94148 68706
32111 52283
72313 17051
37803 46692
43590 47502
67087 12963
23679 94594
69562 35321
36500 39683
96552 50440
30324 91162
86448 90082
80792 97636
76236 50923
59542 78625
95454 25419
8625 90974
72347 32045
16547 76022
75849 10498
81344 43698
6291 25717
91556 7154
3669 32912
9314 36228
52853 19019
45382 22483
50126 71994
70416 35092
11628 7551
87031 7597
38110 85391
12722 28449
37058 50487
69544 57003
97531 36359
32962 86385
16770 25074
89383 58010
47661 85028
31864 40059
26131 74432
80625 70082
47585 21261
46395 36258
31353 55039
63208 13896
77792 43352
121 75987
44027 8108
47101 43047
529 88548
28600 36527
11261 50673
964 54201
22925 4037
34718 16478
3386 14561
24549 26729
30510 14019
69463 136
83945 26284
40208 2265
81172 68621
3913 72168
51028 21104
46808 29399
60000 89872
57473 79074
46519 12102
40404 76643
75198 96747
1607 6632
13893 40277
19133 50984
91133 79466
75874 21556
46174 93162
91063 88653
97689 70565
77761 76203
23130 39297
40443 53179
62568 48876
7413 78748
30910 95634
92508 23933
28050 64355
48695 20217
41174 72233
56257 46235
53503 16742
87222 19247
88659 88889
72789 54452
24613 45168
34798 43609
5177 27199
68731 97362
48512 48043
39156 20583
36356 87618
82467 16377
88527 89776
6998 14725
89885 6688
41490 12714
61728 49335
81720 79468
60130 50789
58955 68132
22199 13445
29282 58544
90398 94991
65746 87757
54731 67879
62067 56927
85803 81593
38379 57467
76366 81442
78500 92868
76907 88603
4612 50733
11090 46651
87339 2150
34962 43493
38006 39261
24542 47238
79984 21000
82451 2890
9928 4218
37990 40318
74652 20212
55976 75579
4421 38645
95869 45312
39142 38135
79971 21197
68627 95800
53440 87316
92930 19814
20076 38565
35680 47625
43077 32933
73712 16413
56356 92464
16368 81924
82240 79552
71379 42982
44306 88936
91294 49345
94624 93611
28156 80647
30625 35470
48047 51644
49701 74880
26500 73846
13024 9400
79511 1981
24205 51597
65191 77449
50651 67815
73435 71912
33464 88100
84491 76574
2125 3166
18979 9990
84584 31147
60537 7234
58302 50692
632 21410
49456 43887
88077 94888
43300 1649
55419 4594
57898 32864
84361 7321
34928 34098
67303 76744
93124 60829
15972 76823
67181 92468
23245 73230
6966 31125
11328 20528
59652 18179
48459 42754
54259 92768
29637 69602
34503 18661
87692 91477
12569 32482
70900 3456
26333 79822
70497 62495
89999 83851
18607 57366
86611 69111
39580 64567
30057 9486
59868 56181
86875 42502
63211 29457
87598 70418
37743 60855
41275 29963
55599 5356
59575 40365
12361 62687
16155 1110
91780 29487
76554 90087
7002 72844
66140 17499
95913 42946
20813 83925
32354 78158
5783 75362
20950 83497
73900 87956
96804 22361
39657 48689
46718 42303
9297 20272
88403 83150
24004 89405
45244 8508
91057 62786
35636 3258
59957 67387
22624 5998
85886 57715
89377 81069
33936 56946
27621 12243
95263 15285
36790 41282
76618 77475
40237 41363
70555 6531
62622 32806
69531 948
7756 42400
63583 79992
62069 81875
28328 92221
48236 6939
22568 77315
11336 75289
74710 78803
95260 21164
5427 53717
50006 54114
56681 75203
19180 60234
39511 41790
51045 71268
95393 1659
12057 28267
90529 46628
56891 78701
90302 79601
10624 13720
52679 49667
32855 65994
42044 65110
28323 68281
5982 49565
17168 71478
38473 80122
57284 80284
27554 71869
47187 7502
62619 87143
18219 1493
27592 42070
45958 60339
27916 4660
42790 44548
79819 76772
88216 9062
42554 52505
79540 19823
35375 82413
87657 17502
61456 89969
70714 73935
48502 2507
51400 59939
88042 87949
84417 22914
61320 88686
10622 34228
97925 10812
26848 79573
43608 10697
37922 93820
96519 27152
23623 16926
60058 95746
24380 36268
26956 47604
33849 80640
88414 14127
40628 87614
90463 47296
42800 71429
91856 62969
88969 38889
56826 30878
24584 8029
97563 94867
24988 73509
75479 37198
39385 71111
26619 50846
29083 77933
79507 17456
5612 20742
8848 85814
58132 7712
69531 77033
22040 11755
7378 31206
17109 33736
12315 77798
29025 78599
63986 43746
456 36329
63318 70709
28816 7195
4637 37412
9570 77118
9557 85752
72763 43214
30748 37141
83709 72099
5401 88909
26753 63268
23513 59009
4501 74892
97994 45365
35975 72234
58219 21453
82186 72790
14130 54315
39916 91486
92276 8318
69810 68899
80466 44731
50825 10405
29943 84424
42261 59368
57193 52646
37896 49251
69216 15049
84230 14580
49674 81676
7402 81964
1042 76951
80140 68371
40578 40601
28815 18011
58814 5375
78832 48199
93357 72016
42406 74931
54704 79574
62279 39285
50060 49156
54084 96701
13850 74606
84415 49176
49706 87987
79534 94759
89860 45616
39904 50990
38479 11773
74981 25039
4715 42402
42086 32097
63386 11196
82847 89041
89239 91726
23003 43879
10997 51045
57748 97255
22187 13199
46398 74478
63994 11323
84505 3649
19992 78058
79994 39027
68062 96294
67861 71729
73951 84991
86261 4590
85206 46
28063 32122
16573 60407
43412 37099
75297 4511
74358 97696
37125 57729
76733 26563
77697 48644
36695 88412
89161 50114
61108 18270
94705 80281
77317 28934
86288 33745
54682 81297
93850 9201
51600 63286
2942 40532
76424 65267
74617 5424
89714 39603
67763 71253
22713 37507
3836 56471
6192 97042
29149 16967
37113 30632
17676 22489
10868 3802
90357 4719
93378 82544
12052 65469
55015 55309
70739 10024
442 63023
74832 5133
76877 33607
46302 90216
33296 559
33324 4084
81948 71884
97181 48032
88343 52043
88118 62317
19640 59574
6079 8368
88665 16286
70714 78164
61174 59832
53316 65423
47734 84556
